(kicad_pcb (version 20171130) (host pcbnew "(5.1.5)-3")

  (general
    (thickness 1.6)
    (drawings 82)
    (tracks 398)
    (zones 0)
    (modules 33)
    (nets 78)
  )

  (page A4)
  (layers
    (0 F.Cu signal)
    (31 B.Cu signal)
    (32 B.Adhes user hide)
    (33 F.Adhes user hide)
    (34 B.Paste user hide)
    (35 F.Paste user hide)
    (36 B.SilkS user hide)
    (37 F.SilkS user hide)
    (38 B.Mask user hide)
    (39 F.Mask user hide)
    (40 Dwgs.User user hide)
    (41 Cmts.User user hide)
    (42 Eco1.User user hide)
    (43 Eco2.User user hide)
    (44 Edge.Cuts user hide)
    (45 Margin user hide)
    (46 B.CrtYd user hide)
    (47 F.CrtYd user hide)
    (48 B.Fab user)
    (49 F.Fab user hide)
  )

  (setup
    (last_trace_width 0.5)
    (user_trace_width 0.21)
    (user_trace_width 0.3)
    (user_trace_width 0.5)
    (user_trace_width 1)
    (trace_clearance 0.21)
    (zone_clearance 0.5)
    (zone_45_only yes)
    (trace_min 0.21)
    (via_size 1)
    (via_drill 0.6)
    (via_min_size 1)
    (via_min_drill 0.3)
    (user_via 1 0.5)
    (uvia_size 0.3)
    (uvia_drill 0.1)
    (uvias_allowed no)
    (uvia_min_size 0.2)
    (uvia_min_drill 0.1)
    (edge_width 0.15)
    (segment_width 0.2)
    (pcb_text_width 0.3)
    (pcb_text_size 1.5 1.5)
    (mod_edge_width 0.15)
    (mod_text_size 1 1)
    (mod_text_width 0.15)
    (pad_size 1.524 1.524)
    (pad_drill 0.762)
    (pad_to_mask_clearance 0.2)
    (solder_mask_min_width 0.25)
    (aux_axis_origin 107.95 113.03)
    (grid_origin 107.95 113.03)
    (visible_elements 7FFDFFFF)
    (pcbplotparams
      (layerselection 0x10000_00000000)
      (usegerberextensions false)
      (usegerberattributes false)
      (usegerberadvancedattributes false)
      (creategerberjobfile false)
      (excludeedgelayer false)
      (linewidth 0.100000)
      (plotframeref false)
      (viasonmask false)
      (mode 1)
      (useauxorigin false)
      (hpglpennumber 1)
      (hpglpenspeed 20)
      (hpglpendiameter 15.000000)
      (psnegative false)
      (psa4output false)
      (plotreference true)
      (plotvalue true)
      (plotinvisibletext false)
      (padsonsilk false)
      (subtractmaskfromsilk false)
      (outputformat 4)
      (mirror true)
      (drillshape 0)
      (scaleselection 1)
      (outputdirectory "Gerber/"))
  )

  (net 0 "")
  (net 1 +5V)
  (net 2 GND)
  (net 3 +3.3V)
  (net 4 "Net-(P2-Pad7)")
  (net 5 "Net-(P2-Pad6)")
  (net 6 "Net-(P2-Pad4)")
  (net 7 "Net-(P2-Pad5)")
  (net 8 "Net-(P4-Pad6)")
  (net 9 "Net-(P4-Pad4)")
  (net 10 "Net-(P4-Pad5)")
  (net 11 "Net-(P4-Pad3)")
  (net 12 "Net-(P4-Pad10)")
  (net 13 "Net-(P4-Pad8)")
  (net 14 "Net-(P1-Pad6)")
  (net 15 "Net-(P1-Pad2)")
  (net 16 "Net-(P1-Pad3)")
  (net 17 "Net-(P3-Pad6)")
  (net 18 "Net-(P3-Pad2)")
  (net 19 "Net-(P3-Pad3)")
  (net 20 "Net-(P1-Pad7)")
  (net 21 "Net-(P3-Pad7)")
  (net 22 +5VP)
  (net 23 +3.3VADC)
  (net 24 GNDA)
  (net 25 "Net-(P2-Pad3)")
  (net 26 +5VD)
  (net 27 DGND)
  (net 28 +3.3VP)
  (net 29 "Net-(P5-Pad6)")
  (net 30 "Net-(P5-Pad2)")
  (net 31 "Net-(P5-Pad3)")
  (net 32 "Net-(P5-Pad7)")
  (net 33 "Net-(P6-Pad5)")
  (net 34 "Net-(P6-Pad4)")
  (net 35 "Net-(P6-Pad2)")
  (net 36 "Net-(P6-Pad6)")
  (net 37 "Net-(P6-Pad7)")
  (net 38 +5C)
  (net 39 AGND)
  (net 40 +3.3VDAC)
  (net 41 "Net-(P7-Pad6)")
  (net 42 "Net-(P7-Pad2)")
  (net 43 "Net-(P7-Pad3)")
  (net 44 "Net-(P7-Pad7)")
  (net 45 "Net-(P8-Pad2)")
  (net 46 "Net-(P8-Pad4)")
  (net 47 "Net-(P8-Pad8)")
  (net 48 "Net-(P8-Pad10)")
  (net 49 "Net-(P9-Pad6)")
  (net 50 +5VL)
  (net 51 "Net-(P9-Pad2)")
  (net 52 +3.3VA)
  (net 53 GNDS)
  (net 54 "Net-(J1-Pad1)")
  (net 55 +5F)
  (net 56 GNDREF)
  (net 57 +3V3)
  (net 58 /CS-CC2500)
  (net 59 /CS_NRF24L01)
  (net 60 /CS_CYRF)
  (net 61 /CS_A7105)
  (net 62 /MISO)
  (net 63 /SCK)
  (net 64 /MOSI)
  (net 65 /CYRF)
  (net 66 /SCK_L)
  (net 67 /MOSI_L)
  (net 68 /MISO_L)
  (net 69 /24L01)
  (net 70 /CC2500)
  (net 71 /A7105)
  (net 72 "Net-(J1-Pad10)")
  (net 73 "Net-(J1-Pad11)")
  (net 74 "Net-(J1-Pad12)")
  (net 75 "Net-(J1-Pad13)")
  (net 76 "Net-(P9-Pad5)")
  (net 77 "Net-(P9-Pad1)")

  (net_class Default "Ceci est la Netclass par défaut"
    (clearance 0.21)
    (trace_width 0.5)
    (via_dia 1)
    (via_drill 0.6)
    (uvia_dia 0.3)
    (uvia_drill 0.1)
    (diff_pair_width 0.3)
    (diff_pair_gap 0.3)
    (add_net +3.3V)
    (add_net +3.3VA)
    (add_net +3.3VADC)
    (add_net +3.3VDAC)
    (add_net +3.3VP)
    (add_net +3V3)
    (add_net +5C)
    (add_net +5F)
    (add_net +5V)
    (add_net +5VD)
    (add_net +5VL)
    (add_net +5VP)
    (add_net /24L01)
    (add_net /A7105)
    (add_net /CC2500)
    (add_net /CS-CC2500)
    (add_net /CS_A7105)
    (add_net /CS_CYRF)
    (add_net /CS_NRF24L01)
    (add_net /CYRF)
    (add_net /MISO)
    (add_net /MISO_L)
    (add_net /MOSI)
    (add_net /MOSI_L)
    (add_net /SCK)
    (add_net /SCK_L)
    (add_net AGND)
    (add_net DGND)
    (add_net GND)
    (add_net GNDA)
    (add_net GNDREF)
    (add_net GNDS)
    (add_net "Net-(J1-Pad1)")
    (add_net "Net-(J1-Pad10)")
    (add_net "Net-(J1-Pad11)")
    (add_net "Net-(J1-Pad12)")
    (add_net "Net-(J1-Pad13)")
    (add_net "Net-(P1-Pad2)")
    (add_net "Net-(P1-Pad3)")
    (add_net "Net-(P1-Pad6)")
    (add_net "Net-(P1-Pad7)")
    (add_net "Net-(P2-Pad3)")
    (add_net "Net-(P2-Pad4)")
    (add_net "Net-(P2-Pad5)")
    (add_net "Net-(P2-Pad6)")
    (add_net "Net-(P2-Pad7)")
    (add_net "Net-(P3-Pad2)")
    (add_net "Net-(P3-Pad3)")
    (add_net "Net-(P3-Pad6)")
    (add_net "Net-(P3-Pad7)")
    (add_net "Net-(P4-Pad10)")
    (add_net "Net-(P4-Pad3)")
    (add_net "Net-(P4-Pad4)")
    (add_net "Net-(P4-Pad5)")
    (add_net "Net-(P4-Pad6)")
    (add_net "Net-(P4-Pad8)")
    (add_net "Net-(P5-Pad2)")
    (add_net "Net-(P5-Pad3)")
    (add_net "Net-(P5-Pad6)")
    (add_net "Net-(P5-Pad7)")
    (add_net "Net-(P6-Pad2)")
    (add_net "Net-(P6-Pad4)")
    (add_net "Net-(P6-Pad5)")
    (add_net "Net-(P6-Pad6)")
    (add_net "Net-(P6-Pad7)")
    (add_net "Net-(P7-Pad2)")
    (add_net "Net-(P7-Pad3)")
    (add_net "Net-(P7-Pad6)")
    (add_net "Net-(P7-Pad7)")
    (add_net "Net-(P8-Pad10)")
    (add_net "Net-(P8-Pad2)")
    (add_net "Net-(P8-Pad4)")
    (add_net "Net-(P8-Pad8)")
    (add_net "Net-(P9-Pad1)")
    (add_net "Net-(P9-Pad2)")
    (add_net "Net-(P9-Pad5)")
    (add_net "Net-(P9-Pad6)")
  )

  (net_class ALIM ""
    (clearance 0.21)
    (trace_width 1)
    (via_dia 1)
    (via_drill 0.6)
    (uvia_dia 0.3)
    (uvia_drill 0.1)
    (diff_pair_width 0.3)
    (diff_pair_gap 0.3)
  )

  (module Conv_SPI:Level_Convertissor_SMD (layer F.Cu) (tedit 609FE529) (tstamp 60A05EC0)
    (at 187.325 66.04)
    (descr "22-lead dip package, row spacing 10.16 mm (400 mils), Socket, LongPads")
    (tags "DIL DIP PDIP 2.54mm 10.16mm 400mil Socket LongPads")
    (path /60B95EFC)
    (fp_text reference U5 (at 5.08 -2.39) (layer F.SilkS)
      (effects (font (size 1 1) (thickness 0.15)))
    )
    (fp_text value CONV_5V/3.3V (at 5.08 15.24) (layer F.Fab)
      (effects (font (size 1 1) (thickness 0.15)))
    )
    (fp_line (start -1.651 -1.651) (end 11.684 -1.651) (layer F.CrtYd) (width 0.12))
    (fp_line (start 11.684 -1.651) (end 11.684 14.351) (layer F.CrtYd) (width 0.12))
    (fp_line (start 11.684 14.351) (end -1.524 14.351) (layer F.CrtYd) (width 0.12))
    (fp_line (start -1.524 14.351) (end -1.651 14.351) (layer F.CrtYd) (width 0.12))
    (fp_line (start -1.651 14.351) (end -1.651 -1.651) (layer F.CrtYd) (width 0.12))
    (fp_line (start -1.397 14.097) (end -1.397 14.224) (layer F.SilkS) (width 0.12))
    (fp_line (start -1.397 14.224) (end 11.557 14.224) (layer F.SilkS) (width 0.12))
    (fp_line (start -1.397 14.097) (end -1.397 -1.397) (layer F.SilkS) (width 0.12))
    (fp_line (start 11.557 14.224) (end 11.557 -1.397) (layer F.SilkS) (width 0.12))
    (fp_line (start -1.27 13.97) (end 11.43 13.97) (layer F.Fab) (width 0.12))
    (fp_line (start -1.27 -1.27) (end -1.27 13.97) (layer F.Fab) (width 0.12))
    (fp_line (start 11.43 13.97) (end 11.43 -1.27) (layer F.Fab) (width 0.12))
    (fp_line (start 9.017 -1.27) (end 9.779 -0.508) (layer F.Fab) (width 0.12))
    (fp_text user %R (at 5.08 12.7) (layer F.Fab)
      (effects (font (size 1 1) (thickness 0.15)))
    )
    (fp_line (start 1.51 -1.27) (end 9.65 -1.27) (layer F.Fab) (width 0.1))
    (fp_line (start 11.43 -1.27) (end -1.27 -1.27) (layer F.Fab) (width 0.1))
    (fp_line (start 4.08 -1.39) (end 1.44 -1.39) (layer F.SilkS) (width 0.12))
    (fp_line (start 8.72 -1.39) (end 6.08 -1.39) (layer F.SilkS) (width 0.12))
    (fp_line (start 11.55 -1.39) (end -1.39 -1.39) (layer F.SilkS) (width 0.12))
    (pad 12 smd oval (at -2.54 0) (size 3 1.6) (layers F.Cu F.Paste F.Mask)
      (net 77 "Net-(P9-Pad1)"))
    (pad 11 smd oval (at -2.54 2.54) (size 3 1.6) (layers F.Cu F.Paste F.Mask)
      (net 51 "Net-(P9-Pad2)"))
    (pad 10 smd oval (at -2.54 5.08) (size 3 1.6) (layers F.Cu F.Paste F.Mask)
      (net 50 +5VL))
    (pad 9 smd oval (at -2.54 7.62) (size 3 1.6) (layers F.Cu F.Paste F.Mask)
      (net 53 GNDS))
    (pad 8 smd oval (at -2.54 10.16) (size 3 1.6) (layers F.Cu F.Paste F.Mask)
      (net 76 "Net-(P9-Pad5)"))
    (pad 7 smd oval (at -2.54 12.7) (size 3 1.6) (layers F.Cu F.Paste F.Mask)
      (net 49 "Net-(P9-Pad6)"))
    (pad 6 smd oval (at 12.7 12.7) (size 3 1.6) (layers F.Cu F.Paste F.Mask)
      (net 75 "Net-(J1-Pad13)"))
    (pad 5 smd oval (at 12.7 10.16) (size 3 1.6) (layers F.Cu F.Paste F.Mask)
      (net 74 "Net-(J1-Pad12)"))
    (pad 4 smd oval (at 12.7 7.62) (size 3 1.6) (layers F.Cu F.Paste F.Mask)
      (net 53 GNDS))
    (pad 3 smd oval (at 12.7 5.08) (size 3 1.6) (layers F.Cu F.Paste F.Mask)
      (net 52 +3.3VA))
    (pad 2 smd oval (at 12.7 2.54) (size 3 1.6) (layers F.Cu F.Paste F.Mask)
      (net 73 "Net-(J1-Pad11)"))
    (pad 1 smd rect (at 12.7 0) (size 3 1.6) (layers F.Cu F.Paste F.Mask)
      (net 72 "Net-(J1-Pad10)"))
    (model ${KISYS3DMOD}/Housings_DIP.3dshapes/DIP-22_W10.16mm_Socket_LongPads.wrl
      (at (xyz 0 0 0))
      (scale (xyz 1 1 1))
      (rotate (xyz 0 0 0))
    )
  )

  (module Conv_SPI:Level_Convertissor_8_W10.16mm (layer F.Cu) (tedit 609F9353) (tstamp 609FE53A)
    (at 183.515 105.41 90)
    (descr "22-lead dip package, row spacing 10.16 mm (400 mils), Socket, LongPads")
    (tags "DIL DIP PDIP 2.54mm 10.16mm 400mil Socket LongPads")
    (path /60A06092)
    (fp_text reference U6 (at 5.08 -2.39 90) (layer F.SilkS)
      (effects (font (size 1 1) (thickness 0.15)))
    )
    (fp_text value CONV_5V_3-3V_8 (at 4.318 15.875 90) (layer F.Fab)
      (effects (font (size 1 1) (thickness 0.15)))
    )
    (fp_line (start 11.684 14.351) (end 11.684 24.13) (layer F.CrtYd) (width 0.12))
    (fp_line (start -1.651 24.13) (end -1.524 24.13) (layer F.CrtYd) (width 0.12))
    (fp_line (start -1.651 14.351) (end -1.651 24.13) (layer F.CrtYd) (width 0.12))
    (fp_line (start -1.27 13.97) (end -1.27 23.876) (layer F.Fab) (width 0.12))
    (fp_line (start 11.43 13.97) (end 11.43 23.876) (layer F.Fab) (width 0.12))
    (fp_line (start 11.557 14.224) (end 11.557 24.13) (layer F.SilkS) (width 0.12))
    (fp_line (start -1.397 14.224) (end -1.397 24.13) (layer F.SilkS) (width 0.12))
    (fp_line (start 11.55 -1.39) (end -1.39 -1.39) (layer F.SilkS) (width 0.12))
    (fp_line (start 8.72 -1.39) (end 6.08 -1.39) (layer F.SilkS) (width 0.12))
    (fp_line (start 4.08 -1.39) (end 1.44 -1.39) (layer F.SilkS) (width 0.12))
    (fp_line (start 11.43 -1.27) (end -1.27 -1.27) (layer F.Fab) (width 0.1))
    (fp_line (start 1.51 -1.27) (end 9.65 -1.27) (layer F.Fab) (width 0.1))
    (fp_text user %R (at 5.08 12.7 90) (layer F.Fab)
      (effects (font (size 1 1) (thickness 0.15)))
    )
    (fp_line (start 9.017 -1.27) (end 9.779 -0.508) (layer F.Fab) (width 0.12))
    (fp_line (start 11.43 13.97) (end 11.43 -1.27) (layer F.Fab) (width 0.12))
    (fp_line (start -1.27 -1.27) (end -1.27 13.97) (layer F.Fab) (width 0.12))
    (fp_line (start -1.27 23.876) (end 11.43 23.876) (layer F.Fab) (width 0.12))
    (fp_line (start 11.557 14.224) (end 11.557 -1.397) (layer F.SilkS) (width 0.12))
    (fp_line (start -1.397 14.097) (end -1.397 -1.397) (layer F.SilkS) (width 0.12))
    (fp_line (start -1.397 24.13) (end 11.557 24.13) (layer F.SilkS) (width 0.12))
    (fp_line (start -1.397 14.097) (end -1.397 14.224) (layer F.SilkS) (width 0.12))
    (fp_line (start -1.651 14.351) (end -1.651 -1.651) (layer F.CrtYd) (width 0.12))
    (fp_line (start 11.684 24.13) (end -1.524 24.13) (layer F.CrtYd) (width 0.12))
    (fp_line (start 11.684 -1.651) (end 11.684 14.351) (layer F.CrtYd) (width 0.12))
    (fp_line (start -1.651 -1.651) (end 11.684 -1.651) (layer F.CrtYd) (width 0.12))
    (pad 19 thru_hole oval (at 0 2.54 90) (size 2.4 1.6) (drill 1.1) (layers *.Cu *.Mask)
      (net 59 /CS_NRF24L01))
    (pad 14 thru_hole oval (at 0 15.24 90) (size 2.4 1.6) (drill 1.1) (layers *.Cu *.Mask)
      (net 62 /MISO))
    (pad 18 thru_hole oval (at 0 5.08 90) (size 2.4 1.6) (drill 1.1) (layers *.Cu *.Mask)
      (net 60 /CS_CYRF))
    (pad 16 thru_hole oval (at 0 10.16 90) (size 2.4 1.6) (drill 1.1) (layers *.Cu *.Mask)
      (net 55 +5F))
    (pad 15 thru_hole oval (at 0 12.7 90) (size 2.4 1.6) (drill 1.1) (layers *.Cu *.Mask)
      (net 56 GNDREF))
    (pad 17 thru_hole oval (at 0 7.62 90) (size 2.4 1.6) (drill 1.1) (layers *.Cu *.Mask)
      (net 61 /CS_A7105))
    (pad 12 thru_hole oval (at 0 20.32 90) (size 2.4 1.6) (drill 1.1) (layers *.Cu *.Mask)
      (net 64 /MOSI))
    (pad 11 thru_hole oval (at 0 22.86 90) (size 2.4 1.6) (drill 1.1) (layers *.Cu *.Mask))
    (pad 13 thru_hole oval (at 0 17.78 90) (size 2.4 1.6) (drill 1.1) (layers *.Cu *.Mask)
      (net 63 /SCK))
    (pad 1 thru_hole rect (at 10.16 0 90) (size 2.4 1.6) (drill 1.1) (layers *.Cu *.Mask)
      (net 70 /CC2500))
    (pad 2 thru_hole oval (at 10.16 2.54 90) (size 2.4 1.6) (drill 1.1) (layers *.Cu *.Mask)
      (net 69 /24L01))
    (pad 3 thru_hole oval (at 10.16 5.08 90) (size 2.4 1.6) (drill 1.1) (layers *.Cu *.Mask)
      (net 65 /CYRF))
    (pad 4 thru_hole oval (at 10.16 7.62 90) (size 2.4 1.6) (drill 1.1) (layers *.Cu *.Mask)
      (net 71 /A7105))
    (pad 5 thru_hole oval (at 10.16 10.16 90) (size 2.4 1.6) (drill 1.1) (layers *.Cu *.Mask)
      (net 57 +3V3))
    (pad 6 thru_hole oval (at 10.16 12.7 90) (size 2.4 1.6) (drill 1.1) (layers *.Cu *.Mask)
      (net 56 GNDREF))
    (pad 7 thru_hole oval (at 10.16 15.24 90) (size 2.4 1.6) (drill 1.1) (layers *.Cu *.Mask)
      (net 68 /MISO_L))
    (pad 8 thru_hole oval (at 10.16 17.78 90) (size 2.4 1.6) (drill 1.1) (layers *.Cu *.Mask)
      (net 66 /SCK_L))
    (pad 9 thru_hole oval (at 10.16 20.32 90) (size 2.4 1.6) (drill 1.1) (layers *.Cu *.Mask)
      (net 67 /MOSI_L))
    (pad 10 thru_hole oval (at 10.16 22.86 90) (size 2.4 1.6) (drill 1.1) (layers *.Cu *.Mask))
    (pad 20 thru_hole oval (at 0 0 90) (size 2.4 1.6) (drill 1.1) (layers *.Cu *.Mask)
      (net 58 /CS-CC2500))
    (model ${KISYS3DMOD}/Housings_DIP.3dshapes/DIP-22_W10.16mm_Socket_LongPads.wrl
      (at (xyz 0 0 0))
      (scale (xyz 1 1 1))
      (rotate (xyz 0 0 0))
    )
  )

  (module Capacitor_SMD:C_1206_3216Metric_Pad1.42x1.75mm_HandSolder (layer F.Cu) (tedit 5B301BBE) (tstamp 609FD732)
    (at 119.38 75.565 270)
    (descr "Capacitor SMD 1206 (3216 Metric), square (rectangular) end terminal, IPC_7351 nominal with elongated pad for handsoldering. (Body size source: http://www.tortai-tech.com/upload/download/2011102023233369053.pdf), generated with kicad-footprint-generator")
    (tags "capacitor handsolder")
    (path /5B8028D5)
    (attr smd)
    (fp_text reference C1 (at 3.81 0 90) (layer F.SilkS)
      (effects (font (size 1 1) (thickness 0.15)))
    )
    (fp_text value 100nF (at 0 1.82 90) (layer F.Fab)
      (effects (font (size 1 1) (thickness 0.15)))
    )
    (fp_line (start -1.6 0.8) (end -1.6 -0.8) (layer F.Fab) (width 0.1))
    (fp_line (start -1.6 -0.8) (end 1.6 -0.8) (layer F.Fab) (width 0.1))
    (fp_line (start 1.6 -0.8) (end 1.6 0.8) (layer F.Fab) (width 0.1))
    (fp_line (start 1.6 0.8) (end -1.6 0.8) (layer F.Fab) (width 0.1))
    (fp_line (start -0.602064 -0.91) (end 0.602064 -0.91) (layer F.SilkS) (width 0.12))
    (fp_line (start -0.602064 0.91) (end 0.602064 0.91) (layer F.SilkS) (width 0.12))
    (fp_line (start -2.45 1.12) (end -2.45 -1.12) (layer F.CrtYd) (width 0.05))
    (fp_line (start -2.45 -1.12) (end 2.45 -1.12) (layer F.CrtYd) (width 0.05))
    (fp_line (start 2.45 -1.12) (end 2.45 1.12) (layer F.CrtYd) (width 0.05))
    (fp_line (start 2.45 1.12) (end -2.45 1.12) (layer F.CrtYd) (width 0.05))
    (fp_text user %R (at 0 0 90) (layer F.Fab)
      (effects (font (size 0.8 0.8) (thickness 0.12)))
    )
    (pad 1 smd roundrect (at -1.4875 0 270) (size 1.425 1.75) (layers F.Cu F.Paste F.Mask) (roundrect_rratio 0.175439)
      (net 22 +5VP))
    (pad 2 smd roundrect (at 1.4875 0 270) (size 1.425 1.75) (layers F.Cu F.Paste F.Mask) (roundrect_rratio 0.175439)
      (net 24 GNDA))
    (model ${KISYS3DMOD}/Capacitor_SMD.3dshapes/C_1206_3216Metric.wrl
      (at (xyz 0 0 0))
      (scale (xyz 1 1 1))
      (rotate (xyz 0 0 0))
    )
  )

  (module Capacitor_SMD:C_1206_3216Metric_Pad1.42x1.75mm_HandSolder (layer F.Cu) (tedit 5B301BBE) (tstamp 609FD742)
    (at 124.46 75.565 270)
    (descr "Capacitor SMD 1206 (3216 Metric), square (rectangular) end terminal, IPC_7351 nominal with elongated pad for handsoldering. (Body size source: http://www.tortai-tech.com/upload/download/2011102023233369053.pdf), generated with kicad-footprint-generator")
    (tags "capacitor handsolder")
    (path /5B8026A8)
    (attr smd)
    (fp_text reference C2 (at 3.81 0 90) (layer F.SilkS)
      (effects (font (size 1 1) (thickness 0.15)))
    )
    (fp_text value 100nF (at 0 1.82 90) (layer F.Fab)
      (effects (font (size 1 1) (thickness 0.15)))
    )
    (fp_text user %R (at 0 0 90) (layer F.Fab)
      (effects (font (size 0.8 0.8) (thickness 0.12)))
    )
    (fp_line (start 2.45 1.12) (end -2.45 1.12) (layer F.CrtYd) (width 0.05))
    (fp_line (start 2.45 -1.12) (end 2.45 1.12) (layer F.CrtYd) (width 0.05))
    (fp_line (start -2.45 -1.12) (end 2.45 -1.12) (layer F.CrtYd) (width 0.05))
    (fp_line (start -2.45 1.12) (end -2.45 -1.12) (layer F.CrtYd) (width 0.05))
    (fp_line (start -0.602064 0.91) (end 0.602064 0.91) (layer F.SilkS) (width 0.12))
    (fp_line (start -0.602064 -0.91) (end 0.602064 -0.91) (layer F.SilkS) (width 0.12))
    (fp_line (start 1.6 0.8) (end -1.6 0.8) (layer F.Fab) (width 0.1))
    (fp_line (start 1.6 -0.8) (end 1.6 0.8) (layer F.Fab) (width 0.1))
    (fp_line (start -1.6 -0.8) (end 1.6 -0.8) (layer F.Fab) (width 0.1))
    (fp_line (start -1.6 0.8) (end -1.6 -0.8) (layer F.Fab) (width 0.1))
    (pad 2 smd roundrect (at 1.4875 0 270) (size 1.425 1.75) (layers F.Cu F.Paste F.Mask) (roundrect_rratio 0.175439)
      (net 24 GNDA))
    (pad 1 smd roundrect (at -1.4875 0 270) (size 1.425 1.75) (layers F.Cu F.Paste F.Mask) (roundrect_rratio 0.175439)
      (net 23 +3.3VADC))
    (model ${KISYS3DMOD}/Capacitor_SMD.3dshapes/C_1206_3216Metric.wrl
      (at (xyz 0 0 0))
      (scale (xyz 1 1 1))
      (rotate (xyz 0 0 0))
    )
  )

  (module Capacitor_SMD:C_1206_3216Metric_Pad1.42x1.75mm_HandSolder (layer F.Cu) (tedit 5B301BBE) (tstamp 609FD752)
    (at 154.94 76.2 270)
    (descr "Capacitor SMD 1206 (3216 Metric), square (rectangular) end terminal, IPC_7351 nominal with elongated pad for handsoldering. (Body size source: http://www.tortai-tech.com/upload/download/2011102023233369053.pdf), generated with kicad-footprint-generator")
    (tags "capacitor handsolder")
    (path /5B802B0D)
    (attr smd)
    (fp_text reference C3 (at 3.81 0 90) (layer F.SilkS)
      (effects (font (size 1 1) (thickness 0.15)))
    )
    (fp_text value 100nF (at 0 1.82 90) (layer F.Fab)
      (effects (font (size 1 1) (thickness 0.15)))
    )
    (fp_line (start -1.6 0.8) (end -1.6 -0.8) (layer F.Fab) (width 0.1))
    (fp_line (start -1.6 -0.8) (end 1.6 -0.8) (layer F.Fab) (width 0.1))
    (fp_line (start 1.6 -0.8) (end 1.6 0.8) (layer F.Fab) (width 0.1))
    (fp_line (start 1.6 0.8) (end -1.6 0.8) (layer F.Fab) (width 0.1))
    (fp_line (start -0.602064 -0.91) (end 0.602064 -0.91) (layer F.SilkS) (width 0.12))
    (fp_line (start -0.602064 0.91) (end 0.602064 0.91) (layer F.SilkS) (width 0.12))
    (fp_line (start -2.45 1.12) (end -2.45 -1.12) (layer F.CrtYd) (width 0.05))
    (fp_line (start -2.45 -1.12) (end 2.45 -1.12) (layer F.CrtYd) (width 0.05))
    (fp_line (start 2.45 -1.12) (end 2.45 1.12) (layer F.CrtYd) (width 0.05))
    (fp_line (start 2.45 1.12) (end -2.45 1.12) (layer F.CrtYd) (width 0.05))
    (fp_text user %R (at 0 0 90) (layer F.Fab)
      (effects (font (size 0.8 0.8) (thickness 0.12)))
    )
    (pad 1 smd roundrect (at -1.4875 0 270) (size 1.425 1.75) (layers F.Cu F.Paste F.Mask) (roundrect_rratio 0.175439)
      (net 1 +5V))
    (pad 2 smd roundrect (at 1.4875 0 270) (size 1.425 1.75) (layers F.Cu F.Paste F.Mask) (roundrect_rratio 0.175439)
      (net 2 GND))
    (model ${KISYS3DMOD}/Capacitor_SMD.3dshapes/C_1206_3216Metric.wrl
      (at (xyz 0 0 0))
      (scale (xyz 1 1 1))
      (rotate (xyz 0 0 0))
    )
  )

  (module Capacitor_SMD:C_1206_3216Metric_Pad1.42x1.75mm_HandSolder (layer F.Cu) (tedit 5B301BBE) (tstamp 609FD762)
    (at 160.02 76.2 270)
    (descr "Capacitor SMD 1206 (3216 Metric), square (rectangular) end terminal, IPC_7351 nominal with elongated pad for handsoldering. (Body size source: http://www.tortai-tech.com/upload/download/2011102023233369053.pdf), generated with kicad-footprint-generator")
    (tags "capacitor handsolder")
    (path /5B802AFF)
    (attr smd)
    (fp_text reference C4 (at 3.81 0 90) (layer F.SilkS)
      (effects (font (size 1 1) (thickness 0.15)))
    )
    (fp_text value 100nF (at 0 1.82 90) (layer F.Fab)
      (effects (font (size 1 1) (thickness 0.15)))
    )
    (fp_text user %R (at 0 0 90) (layer F.Fab)
      (effects (font (size 0.8 0.8) (thickness 0.12)))
    )
    (fp_line (start 2.45 1.12) (end -2.45 1.12) (layer F.CrtYd) (width 0.05))
    (fp_line (start 2.45 -1.12) (end 2.45 1.12) (layer F.CrtYd) (width 0.05))
    (fp_line (start -2.45 -1.12) (end 2.45 -1.12) (layer F.CrtYd) (width 0.05))
    (fp_line (start -2.45 1.12) (end -2.45 -1.12) (layer F.CrtYd) (width 0.05))
    (fp_line (start -0.602064 0.91) (end 0.602064 0.91) (layer F.SilkS) (width 0.12))
    (fp_line (start -0.602064 -0.91) (end 0.602064 -0.91) (layer F.SilkS) (width 0.12))
    (fp_line (start 1.6 0.8) (end -1.6 0.8) (layer F.Fab) (width 0.1))
    (fp_line (start 1.6 -0.8) (end 1.6 0.8) (layer F.Fab) (width 0.1))
    (fp_line (start -1.6 -0.8) (end 1.6 -0.8) (layer F.Fab) (width 0.1))
    (fp_line (start -1.6 0.8) (end -1.6 -0.8) (layer F.Fab) (width 0.1))
    (pad 2 smd roundrect (at 1.4875 0 270) (size 1.425 1.75) (layers F.Cu F.Paste F.Mask) (roundrect_rratio 0.175439)
      (net 2 GND))
    (pad 1 smd roundrect (at -1.4875 0 270) (size 1.425 1.75) (layers F.Cu F.Paste F.Mask) (roundrect_rratio 0.175439)
      (net 3 +3.3V))
    (model ${KISYS3DMOD}/Capacitor_SMD.3dshapes/C_1206_3216Metric.wrl
      (at (xyz 0 0 0))
      (scale (xyz 1 1 1))
      (rotate (xyz 0 0 0))
    )
  )

  (module Capacitor_SMD:C_1206_3216Metric_Pad1.42x1.75mm_HandSolder (layer F.Cu) (tedit 5B301BBE) (tstamp 609FD772)
    (at 119.38 100.33 270)
    (descr "Capacitor SMD 1206 (3216 Metric), square (rectangular) end terminal, IPC_7351 nominal with elongated pad for handsoldering. (Body size source: http://www.tortai-tech.com/upload/download/2011102023233369053.pdf), generated with kicad-footprint-generator")
    (tags "capacitor handsolder")
    (path /5B810CBC)
    (attr smd)
    (fp_text reference C5 (at 3.175 0 90) (layer F.SilkS)
      (effects (font (size 1 1) (thickness 0.15)))
    )
    (fp_text value 100nF (at 0 1.82 90) (layer F.Fab)
      (effects (font (size 1 1) (thickness 0.15)))
    )
    (fp_text user %R (at 0 0 90) (layer F.Fab)
      (effects (font (size 0.8 0.8) (thickness 0.12)))
    )
    (fp_line (start 2.45 1.12) (end -2.45 1.12) (layer F.CrtYd) (width 0.05))
    (fp_line (start 2.45 -1.12) (end 2.45 1.12) (layer F.CrtYd) (width 0.05))
    (fp_line (start -2.45 -1.12) (end 2.45 -1.12) (layer F.CrtYd) (width 0.05))
    (fp_line (start -2.45 1.12) (end -2.45 -1.12) (layer F.CrtYd) (width 0.05))
    (fp_line (start -0.602064 0.91) (end 0.602064 0.91) (layer F.SilkS) (width 0.12))
    (fp_line (start -0.602064 -0.91) (end 0.602064 -0.91) (layer F.SilkS) (width 0.12))
    (fp_line (start 1.6 0.8) (end -1.6 0.8) (layer F.Fab) (width 0.1))
    (fp_line (start 1.6 -0.8) (end 1.6 0.8) (layer F.Fab) (width 0.1))
    (fp_line (start -1.6 -0.8) (end 1.6 -0.8) (layer F.Fab) (width 0.1))
    (fp_line (start -1.6 0.8) (end -1.6 -0.8) (layer F.Fab) (width 0.1))
    (pad 2 smd roundrect (at 1.4875 0 270) (size 1.425 1.75) (layers F.Cu F.Paste F.Mask) (roundrect_rratio 0.175439)
      (net 27 DGND))
    (pad 1 smd roundrect (at -1.4875 0 270) (size 1.425 1.75) (layers F.Cu F.Paste F.Mask) (roundrect_rratio 0.175439)
      (net 26 +5VD))
    (model ${KISYS3DMOD}/Capacitor_SMD.3dshapes/C_1206_3216Metric.wrl
      (at (xyz 0 0 0))
      (scale (xyz 1 1 1))
      (rotate (xyz 0 0 0))
    )
  )

  (module Capacitor_SMD:C_1206_3216Metric_Pad1.42x1.75mm_HandSolder (layer F.Cu) (tedit 5B301BBE) (tstamp 609FD782)
    (at 124.46 100.33 270)
    (descr "Capacitor SMD 1206 (3216 Metric), square (rectangular) end terminal, IPC_7351 nominal with elongated pad for handsoldering. (Body size source: http://www.tortai-tech.com/upload/download/2011102023233369053.pdf), generated with kicad-footprint-generator")
    (tags "capacitor handsolder")
    (path /5B810CB4)
    (attr smd)
    (fp_text reference C6 (at 3.81 0 90) (layer F.SilkS)
      (effects (font (size 1 1) (thickness 0.15)))
    )
    (fp_text value 100nF (at 0 1.82 90) (layer F.Fab)
      (effects (font (size 1 1) (thickness 0.15)))
    )
    (fp_line (start -1.6 0.8) (end -1.6 -0.8) (layer F.Fab) (width 0.1))
    (fp_line (start -1.6 -0.8) (end 1.6 -0.8) (layer F.Fab) (width 0.1))
    (fp_line (start 1.6 -0.8) (end 1.6 0.8) (layer F.Fab) (width 0.1))
    (fp_line (start 1.6 0.8) (end -1.6 0.8) (layer F.Fab) (width 0.1))
    (fp_line (start -0.602064 -0.91) (end 0.602064 -0.91) (layer F.SilkS) (width 0.12))
    (fp_line (start -0.602064 0.91) (end 0.602064 0.91) (layer F.SilkS) (width 0.12))
    (fp_line (start -2.45 1.12) (end -2.45 -1.12) (layer F.CrtYd) (width 0.05))
    (fp_line (start -2.45 -1.12) (end 2.45 -1.12) (layer F.CrtYd) (width 0.05))
    (fp_line (start 2.45 -1.12) (end 2.45 1.12) (layer F.CrtYd) (width 0.05))
    (fp_line (start 2.45 1.12) (end -2.45 1.12) (layer F.CrtYd) (width 0.05))
    (fp_text user %R (at 0 0 90) (layer F.Fab)
      (effects (font (size 0.8 0.8) (thickness 0.12)))
    )
    (pad 1 smd roundrect (at -1.4875 0 270) (size 1.425 1.75) (layers F.Cu F.Paste F.Mask) (roundrect_rratio 0.175439)
      (net 28 +3.3VP))
    (pad 2 smd roundrect (at 1.4875 0 270) (size 1.425 1.75) (layers F.Cu F.Paste F.Mask) (roundrect_rratio 0.175439)
      (net 27 DGND))
    (model ${KISYS3DMOD}/Capacitor_SMD.3dshapes/C_1206_3216Metric.wrl
      (at (xyz 0 0 0))
      (scale (xyz 1 1 1))
      (rotate (xyz 0 0 0))
    )
  )

  (module Capacitor_SMD:C_1206_3216Metric_Pad1.42x1.75mm_HandSolder (layer F.Cu) (tedit 5B301BBE) (tstamp 609FD792)
    (at 155.575 100.965 270)
    (descr "Capacitor SMD 1206 (3216 Metric), square (rectangular) end terminal, IPC_7351 nominal with elongated pad for handsoldering. (Body size source: http://www.tortai-tech.com/upload/download/2011102023233369053.pdf), generated with kicad-footprint-generator")
    (tags "capacitor handsolder")
    (path /5B812A6B)
    (attr smd)
    (fp_text reference C7 (at 3.81 0 90) (layer F.SilkS)
      (effects (font (size 1 1) (thickness 0.15)))
    )
    (fp_text value 100nF (at 0 1.82 90) (layer F.Fab)
      (effects (font (size 1 1) (thickness 0.15)))
    )
    (fp_line (start -1.6 0.8) (end -1.6 -0.8) (layer F.Fab) (width 0.1))
    (fp_line (start -1.6 -0.8) (end 1.6 -0.8) (layer F.Fab) (width 0.1))
    (fp_line (start 1.6 -0.8) (end 1.6 0.8) (layer F.Fab) (width 0.1))
    (fp_line (start 1.6 0.8) (end -1.6 0.8) (layer F.Fab) (width 0.1))
    (fp_line (start -0.602064 -0.91) (end 0.602064 -0.91) (layer F.SilkS) (width 0.12))
    (fp_line (start -0.602064 0.91) (end 0.602064 0.91) (layer F.SilkS) (width 0.12))
    (fp_line (start -2.45 1.12) (end -2.45 -1.12) (layer F.CrtYd) (width 0.05))
    (fp_line (start -2.45 -1.12) (end 2.45 -1.12) (layer F.CrtYd) (width 0.05))
    (fp_line (start 2.45 -1.12) (end 2.45 1.12) (layer F.CrtYd) (width 0.05))
    (fp_line (start 2.45 1.12) (end -2.45 1.12) (layer F.CrtYd) (width 0.05))
    (fp_text user %R (at 0 0 90) (layer F.Fab)
      (effects (font (size 0.8 0.8) (thickness 0.12)))
    )
    (pad 1 smd roundrect (at -1.4875 0 270) (size 1.425 1.75) (layers F.Cu F.Paste F.Mask) (roundrect_rratio 0.175439)
      (net 38 +5C))
    (pad 2 smd roundrect (at 1.4875 0 270) (size 1.425 1.75) (layers F.Cu F.Paste F.Mask) (roundrect_rratio 0.175439)
      (net 39 AGND))
    (model ${KISYS3DMOD}/Capacitor_SMD.3dshapes/C_1206_3216Metric.wrl
      (at (xyz 0 0 0))
      (scale (xyz 1 1 1))
      (rotate (xyz 0 0 0))
    )
  )

  (module Capacitor_SMD:C_1206_3216Metric_Pad1.42x1.75mm_HandSolder (layer F.Cu) (tedit 5B301BBE) (tstamp 609FD7A2)
    (at 160.655 100.965 270)
    (descr "Capacitor SMD 1206 (3216 Metric), square (rectangular) end terminal, IPC_7351 nominal with elongated pad for handsoldering. (Body size source: http://www.tortai-tech.com/upload/download/2011102023233369053.pdf), generated with kicad-footprint-generator")
    (tags "capacitor handsolder")
    (path /5B812A5D)
    (attr smd)
    (fp_text reference C8 (at 3.81 0 90) (layer F.SilkS)
      (effects (font (size 1 1) (thickness 0.15)))
    )
    (fp_text value 100nF (at 0 1.82 90) (layer F.Fab)
      (effects (font (size 1 1) (thickness 0.15)))
    )
    (fp_text user %R (at 0 0 90) (layer F.Fab)
      (effects (font (size 0.8 0.8) (thickness 0.12)))
    )
    (fp_line (start 2.45 1.12) (end -2.45 1.12) (layer F.CrtYd) (width 0.05))
    (fp_line (start 2.45 -1.12) (end 2.45 1.12) (layer F.CrtYd) (width 0.05))
    (fp_line (start -2.45 -1.12) (end 2.45 -1.12) (layer F.CrtYd) (width 0.05))
    (fp_line (start -2.45 1.12) (end -2.45 -1.12) (layer F.CrtYd) (width 0.05))
    (fp_line (start -0.602064 0.91) (end 0.602064 0.91) (layer F.SilkS) (width 0.12))
    (fp_line (start -0.602064 -0.91) (end 0.602064 -0.91) (layer F.SilkS) (width 0.12))
    (fp_line (start 1.6 0.8) (end -1.6 0.8) (layer F.Fab) (width 0.1))
    (fp_line (start 1.6 -0.8) (end 1.6 0.8) (layer F.Fab) (width 0.1))
    (fp_line (start -1.6 -0.8) (end 1.6 -0.8) (layer F.Fab) (width 0.1))
    (fp_line (start -1.6 0.8) (end -1.6 -0.8) (layer F.Fab) (width 0.1))
    (pad 2 smd roundrect (at 1.4875 0 270) (size 1.425 1.75) (layers F.Cu F.Paste F.Mask) (roundrect_rratio 0.175439)
      (net 39 AGND))
    (pad 1 smd roundrect (at -1.4875 0 270) (size 1.425 1.75) (layers F.Cu F.Paste F.Mask) (roundrect_rratio 0.175439)
      (net 40 +3.3VDAC))
    (model ${KISYS3DMOD}/Capacitor_SMD.3dshapes/C_1206_3216Metric.wrl
      (at (xyz 0 0 0))
      (scale (xyz 1 1 1))
      (rotate (xyz 0 0 0))
    )
  )

  (module Capacitor_SMD:C_1206_3216Metric_Pad1.42x1.75mm_HandSolder (layer F.Cu) (tedit 5B301BBE) (tstamp 609FD7C2)
    (at 188.595 72.6075 270)
    (descr "Capacitor SMD 1206 (3216 Metric), square (rectangular) end terminal, IPC_7351 nominal with elongated pad for handsoldering. (Body size source: http://www.tortai-tech.com/upload/download/2011102023233369053.pdf), generated with kicad-footprint-generator")
    (tags "capacitor handsolder")
    (path /60B95E7B)
    (attr smd)
    (fp_text reference C9 (at 3.5925 0 90) (layer F.SilkS)
      (effects (font (size 1 1) (thickness 0.15)))
    )
    (fp_text value 100nF (at 0 1.82 90) (layer F.Fab)
      (effects (font (size 1 1) (thickness 0.15)))
    )
    (fp_line (start -1.6 0.8) (end -1.6 -0.8) (layer F.Fab) (width 0.1))
    (fp_line (start -1.6 -0.8) (end 1.6 -0.8) (layer F.Fab) (width 0.1))
    (fp_line (start 1.6 -0.8) (end 1.6 0.8) (layer F.Fab) (width 0.1))
    (fp_line (start 1.6 0.8) (end -1.6 0.8) (layer F.Fab) (width 0.1))
    (fp_line (start -0.602064 -0.91) (end 0.602064 -0.91) (layer F.SilkS) (width 0.12))
    (fp_line (start -0.602064 0.91) (end 0.602064 0.91) (layer F.SilkS) (width 0.12))
    (fp_line (start -2.45 1.12) (end -2.45 -1.12) (layer F.CrtYd) (width 0.05))
    (fp_line (start -2.45 -1.12) (end 2.45 -1.12) (layer F.CrtYd) (width 0.05))
    (fp_line (start 2.45 -1.12) (end 2.45 1.12) (layer F.CrtYd) (width 0.05))
    (fp_line (start 2.45 1.12) (end -2.45 1.12) (layer F.CrtYd) (width 0.05))
    (fp_text user %R (at 0 0 90) (layer F.Fab)
      (effects (font (size 0.8 0.8) (thickness 0.12)))
    )
    (pad 1 smd roundrect (at -1.4875 0 270) (size 1.425 1.75) (layers F.Cu F.Paste F.Mask) (roundrect_rratio 0.175439)
      (net 50 +5VL))
    (pad 2 smd roundrect (at 1.4875 0 270) (size 1.425 1.75) (layers F.Cu F.Paste F.Mask) (roundrect_rratio 0.175439)
      (net 53 GNDS))
    (model ${KISYS3DMOD}/Capacitor_SMD.3dshapes/C_1206_3216Metric.wrl
      (at (xyz 0 0 0))
      (scale (xyz 1 1 1))
      (rotate (xyz 0 0 0))
    )
  )

  (module Capacitor_SMD:C_1206_3216Metric_Pad1.42x1.75mm_HandSolder (layer F.Cu) (tedit 5B301BBE) (tstamp 609FDEAE)
    (at 196.215 72.6075 270)
    (descr "Capacitor SMD 1206 (3216 Metric), square (rectangular) end terminal, IPC_7351 nominal with elongated pad for handsoldering. (Body size source: http://www.tortai-tech.com/upload/download/2011102023233369053.pdf), generated with kicad-footprint-generator")
    (tags "capacitor handsolder")
    (path /60B95EF2)
    (attr smd)
    (fp_text reference C10 (at 4.2275 0 90) (layer F.SilkS)
      (effects (font (size 1 1) (thickness 0.15)))
    )
    (fp_text value 100nF (at 0 1.82 90) (layer F.Fab)
      (effects (font (size 1 1) (thickness 0.15)))
    )
    (fp_text user %R (at 0 0 90) (layer F.Fab)
      (effects (font (size 0.8 0.8) (thickness 0.12)))
    )
    (fp_line (start 2.45 1.12) (end -2.45 1.12) (layer F.CrtYd) (width 0.05))
    (fp_line (start 2.45 -1.12) (end 2.45 1.12) (layer F.CrtYd) (width 0.05))
    (fp_line (start -2.45 -1.12) (end 2.45 -1.12) (layer F.CrtYd) (width 0.05))
    (fp_line (start -2.45 1.12) (end -2.45 -1.12) (layer F.CrtYd) (width 0.05))
    (fp_line (start -0.602064 0.91) (end 0.602064 0.91) (layer F.SilkS) (width 0.12))
    (fp_line (start -0.602064 -0.91) (end 0.602064 -0.91) (layer F.SilkS) (width 0.12))
    (fp_line (start 1.6 0.8) (end -1.6 0.8) (layer F.Fab) (width 0.1))
    (fp_line (start 1.6 -0.8) (end 1.6 0.8) (layer F.Fab) (width 0.1))
    (fp_line (start -1.6 -0.8) (end 1.6 -0.8) (layer F.Fab) (width 0.1))
    (fp_line (start -1.6 0.8) (end -1.6 -0.8) (layer F.Fab) (width 0.1))
    (pad 2 smd roundrect (at 1.4875 0 270) (size 1.425 1.75) (layers F.Cu F.Paste F.Mask) (roundrect_rratio 0.175439)
      (net 53 GNDS))
    (pad 1 smd roundrect (at -1.4875 0 270) (size 1.425 1.75) (layers F.Cu F.Paste F.Mask) (roundrect_rratio 0.175439)
      (net 52 +3.3VA))
    (model ${KISYS3DMOD}/Capacitor_SMD.3dshapes/C_1206_3216Metric.wrl
      (at (xyz 0 0 0))
      (scale (xyz 1 1 1))
      (rotate (xyz 0 0 0))
    )
  )

  (module Connector_PinHeader_2.54mm:PinHeader_1x07_P2.54mm_Vertical (layer F.Cu) (tedit 59FED5CC) (tstamp 609FD7D4)
    (at 111.76 66.675)
    (descr "Through hole straight pin header, 1x07, 2.54mm pitch, single row")
    (tags "Through hole pin header THT 1x07 2.54mm single row")
    (path /5B8003DA)
    (fp_text reference P1 (at 0 -2.33) (layer F.SilkS)
      (effects (font (size 1 1) (thickness 0.15)))
    )
    (fp_text value SpirfMod (at 0 17.57) (layer F.Fab)
      (effects (font (size 1 1) (thickness 0.15)))
    )
    (fp_text user %R (at 0 7.62 90) (layer F.Fab)
      (effects (font (size 1 1) (thickness 0.15)))
    )
    (fp_line (start 1.8 -1.8) (end -1.8 -1.8) (layer F.CrtYd) (width 0.05))
    (fp_line (start 1.8 17.05) (end 1.8 -1.8) (layer F.CrtYd) (width 0.05))
    (fp_line (start -1.8 17.05) (end 1.8 17.05) (layer F.CrtYd) (width 0.05))
    (fp_line (start -1.8 -1.8) (end -1.8 17.05) (layer F.CrtYd) (width 0.05))
    (fp_line (start -1.33 -1.33) (end 0 -1.33) (layer F.SilkS) (width 0.12))
    (fp_line (start -1.33 0) (end -1.33 -1.33) (layer F.SilkS) (width 0.12))
    (fp_line (start -1.33 1.27) (end 1.33 1.27) (layer F.SilkS) (width 0.12))
    (fp_line (start 1.33 1.27) (end 1.33 16.57) (layer F.SilkS) (width 0.12))
    (fp_line (start -1.33 1.27) (end -1.33 16.57) (layer F.SilkS) (width 0.12))
    (fp_line (start -1.33 16.57) (end 1.33 16.57) (layer F.SilkS) (width 0.12))
    (fp_line (start -1.27 -0.635) (end -0.635 -1.27) (layer F.Fab) (width 0.1))
    (fp_line (start -1.27 16.51) (end -1.27 -0.635) (layer F.Fab) (width 0.1))
    (fp_line (start 1.27 16.51) (end -1.27 16.51) (layer F.Fab) (width 0.1))
    (fp_line (start 1.27 -1.27) (end 1.27 16.51) (layer F.Fab) (width 0.1))
    (fp_line (start -0.635 -1.27) (end 1.27 -1.27) (layer F.Fab) (width 0.1))
    (pad 7 thru_hole oval (at 0 15.24) (size 1.7 1.7) (drill 1) (layers *.Cu *.Mask)
      (net 20 "Net-(P1-Pad7)"))
    (pad 6 thru_hole oval (at 0 12.7) (size 1.7 1.7) (drill 1) (layers *.Cu *.Mask)
      (net 14 "Net-(P1-Pad6)"))
    (pad 5 thru_hole oval (at 0 10.16) (size 1.7 1.7) (drill 1) (layers *.Cu *.Mask)
      (net 24 GNDA))
    (pad 4 thru_hole oval (at 0 7.62) (size 1.7 1.7) (drill 1) (layers *.Cu *.Mask)
      (net 22 +5VP))
    (pad 3 thru_hole oval (at 0 5.08) (size 1.7 1.7) (drill 1) (layers *.Cu *.Mask)
      (net 16 "Net-(P1-Pad3)"))
    (pad 2 thru_hole oval (at 0 2.54) (size 1.7 1.7) (drill 1) (layers *.Cu *.Mask)
      (net 15 "Net-(P1-Pad2)"))
    (pad 1 thru_hole rect (at 0 0) (size 1.7 1.7) (drill 1) (layers *.Cu *.Mask)
      (net 23 +3.3VADC))
    (model ${KISYS3DMOD}/Connector_PinHeader_2.54mm.3dshapes/PinHeader_1x07_P2.54mm_Vertical.wrl
      (at (xyz 0 0 0))
      (scale (xyz 1 1 1))
      (rotate (xyz 0 0 0))
    )
  )

  (module Connector_PinHeader_2.54mm:PinHeader_2x04_P2.54mm_Vertical (layer B.Cu) (tedit 59FED5CC) (tstamp 609FD7EE)
    (at 134.62 71.755 180)
    (descr "Through hole straight pin header, 2x04, 2.54mm pitch, double rows")
    (tags "Through hole pin header THT 2x04 2.54mm double row")
    (path /5B800BE1)
    (fp_text reference P2 (at 1.27 2.33) (layer B.SilkS)
      (effects (font (size 1 1) (thickness 0.15)) (justify mirror))
    )
    (fp_text value NRF24L01 (at 1.27 -9.95) (layer B.Fab)
      (effects (font (size 1 1) (thickness 0.15)) (justify mirror))
    )
    (fp_text user %R (at 1.27 -3.81 270) (layer B.Fab)
      (effects (font (size 1 1) (thickness 0.15)) (justify mirror))
    )
    (fp_line (start 4.35 1.8) (end -1.8 1.8) (layer B.CrtYd) (width 0.05))
    (fp_line (start 4.35 -9.4) (end 4.35 1.8) (layer B.CrtYd) (width 0.05))
    (fp_line (start -1.8 -9.4) (end 4.35 -9.4) (layer B.CrtYd) (width 0.05))
    (fp_line (start -1.8 1.8) (end -1.8 -9.4) (layer B.CrtYd) (width 0.05))
    (fp_line (start -1.33 1.33) (end 0 1.33) (layer B.SilkS) (width 0.12))
    (fp_line (start -1.33 0) (end -1.33 1.33) (layer B.SilkS) (width 0.12))
    (fp_line (start 1.27 1.33) (end 3.87 1.33) (layer B.SilkS) (width 0.12))
    (fp_line (start 1.27 -1.27) (end 1.27 1.33) (layer B.SilkS) (width 0.12))
    (fp_line (start -1.33 -1.27) (end 1.27 -1.27) (layer B.SilkS) (width 0.12))
    (fp_line (start 3.87 1.33) (end 3.87 -8.95) (layer B.SilkS) (width 0.12))
    (fp_line (start -1.33 -1.27) (end -1.33 -8.95) (layer B.SilkS) (width 0.12))
    (fp_line (start -1.33 -8.95) (end 3.87 -8.95) (layer B.SilkS) (width 0.12))
    (fp_line (start -1.27 0) (end 0 1.27) (layer B.Fab) (width 0.1))
    (fp_line (start -1.27 -8.89) (end -1.27 0) (layer B.Fab) (width 0.1))
